52
18
0
0
0
0
288.889
0
4
1
8
5
0
0
0
0
160
0
0
1
35
13
0
0
0
0
269.231
2
1
1
0
1
0
0
0
0
0
0
0
1
7
5
0
0
0
0
140
0
0
1
28
11
0
0
0
0
254.545
1
1
1
27
10
0
0
0
0
270
3
1
0
24
11
0
0
0
0
218.182
2
0
1
48
14
0
0
0
0
342.857
3
2
0
2
2
0
0
0
0
100
0
0
1
0
0
0
0
0
0
0
0
0
0
21
6
0
0
0
0
350
3
1
1
0
0
6
6
22
1
0
0
0
0
21
8
12
12
24
1
262.5
1
1
1
0
0
9
9
14
4
0
0
0
0
6
3
12
12
31
0
200
1
0
1
0
0
12
12
29
2
0
0
0
0
5
1
12
12
38
0
500
0
0
0
0
0
12
12
31
2
0
0
0
0
2
2
12
12
40
1
100
0
0
1
0
0
12
12
21
1
0
0
0
0
0
1
12
12
36
1
0
0
0
1
169
60
10
3
16.9
117
51
8.5
10
13.7647
