30
11
0
0
0
0
272.727
1
1
1
21
11
0
0
0
0
190.909
1
0
1
16
9
0
0
0
0
177.778
1
0
1
17
5
0
0
0
0
340
1
1
1
47
17
0
0
0
0
276.471
3
3
1
4
3
0
0
0
0
133.333
1
0
1
25
10
0
0
0
0
250
1
0
1
28
11
0
0
0
0
254.545
1
1
1
0
1
0
0
0
0
0
0
0
1
25
12
0
0
0
0
208.333
2
0
1
22
11
0
0
0
0
200
1
0
0
15
5
0
0
0
0
300
0
1
1
0
1
12
12
31
1
0
0
0
0
41
12
12
12
22
2
341.667
2
3
0
0
0
12
12
37
1
0
0
0
0
1
1
12
12
27
0
100
0
0
0
0
0
12
12
25
2
0
0
0
0
0
0
12
12
29
1
0
0
0
0
0
0
12
12
31
2
0
0
0
0
0
0
12
12
33
2
0
0
0
0
0
0
12
12
28
0
0
0
0
0
0
0
12
12
29
0
0
0
0
0
140
60
10
5
14
152
60
10
6
15.2
